IOU_threshold = 0.5
iou =  0.5308114885120603
recall =  0.5086478197395975

IOU_threshold = 0.3
iou =  0.5388864756030736
recall =  0.8282420693558876

IOU_threshold = 0.1
iou =  0.5355035400658146
recall =  0.9870038941832724